0 0.3013734375 0.000075 0.203621875 0.05553333333333333 0.26628281249999997 0.29511875000000004 0.42192968750000004 0.19788125 0.37105 0
0 0.3440828125 0.26635416666666667 0.32568437499999997 0.5330458333333333 0.4993765625 0.5564354166666666 0.5199296875 0.29646875
1 0.8916578124999999 0.7829354166666668 0.8717390625 0.7846395833333334 0.8578718750000001 0.7904020833333333 0.8429249999999999 0.7992854166666666 0.8337406250000001 0.8110499999999999 0.8155515624999999 0.8398604166666667 0.8103296875 0.86555 0.8049265625 0.8979625 0.8072671874999999 0.9306145833333334 0.8142906249999999 0.9536625 0.8213140624999999 0.9795937499999999 0.8384234375 0.9966395833333334 0.84490625 0.9979166666666667 0.9275671875 0.9979166666666667 0.9430546874999999 0.9839145833333334 0.95331875 0.96926875 0.962684375 0.9512625 0.9682671875000001 0.9260541666666666 0.9706078125 0.90204375 0.9711484374999999 0.8777958333333333 0.9662859375 0.850425 0.9598015625 0.8288166666666666 0.9475562500000001 0.8136916666666667 0.9302671874999999 0.795925 0.916940625 0.7851208333333334 0.8958703124999999 0.7824791666666666
2 0.27592500000000003 0.30219166666666664 0.28609062500000004 0.33789583333333334 0.179065625 0.4109583333333333 0.132403125 0.24709583333333332 0.23664843750000003 0.17800416666666666 0.2392296875 0.19759374999999998 0.24518749999999997 0.2177125 0.2553140625 0.2563625 0.2616671875 0.2783333333333333 0.26802187499999997 0.29580416666666665 0.2729859375 0.29607083333333334
2 0.1914734375 0.5687041666666667 0.1845734375 0.578 0.1751875 0.7393166666666667 0.18254375 0.7443895833333334 0.2860421875 0.7684 0.2944125 0.7613 0.30430625 0.5952479166666667 0.2992328125 0.5844270833333333
2 0.38720625000000003 0.7115729166666667 0.3810671875 0.7171583333333333 0.3711734375 0.8869291666666667 0.37599375 0.8936916666666667 0.48887656249999994 0.9122916666666666 0.496740625 0.9109395833333332 0.5068875 0.7388020833333333 0.505365625 0.7344062499999999
2 0.5562015625 0.6976645833333334 0.548590625 0.7007083333333333 0.49988593750000004 0.85864375 0.5011546874999999 0.8643916666666667 0.6071890625 0.9360875 0.6112484375 0.93236875 0.6609671875 0.7781541666666667 0.6591921875 0.7700375
2 0.59876875 0.5419166666666667 0.59628125 0.54548125 0.5972953125 0.7189708333333333 0.6000859375 0.7257354166666666 0.7190578125 0.7250583333333334 0.72159375 0.720325 0.72159375 0.5461562499999999 0.7167749999999999 0.5397312500000001
2 0.6920703125000001 0 0.6528625 0.01481875 0.65038125 0.021906250000000002 0.687246875 0.19486666666666666 0.6918546875 0.19770208333333333 0.8049296874999999 0.14430208333333333 0.8084749999999999 0.13626875000000002 0.78118125 0
2 0.7184421875 0.18669791666666666 0.62450625 0.30782708333333336 0.7031984375 0.44534583333333333 0.7974859375000001 0.32436875
2 0.899221875 0.2723375 0.7843703125 0.34470416666666664 0.8361234375000001 0.5148291666666667 0.951325 0.43780208333333337